# 6 parameters, 30 sets
16041
15257
23274
10584
11907
15253
18224
14813
13891
21783
21736
15320
20487
17060
27812
25027
21107
9235
19995
11981
23509
18879
25538
17945
13342
15250
27457
19124
15551
19949
#
#
13607
16472
9025
38384
24672
19309
15859
20346
27584
14436
13711
18689
8472
17274
8099
6468
13859
45126
11739
32733
6665
14212
5792
16135
25341
25142
7231
11768
15765
13617
#
#
2420
2686
5580
51
2507
1706
487
2632
294
855
936
2592
6789
581
3888
6973
1066
46
4443
75
9065
2973
9260
3611
1340
137
4778
4218
3794
3282
#
#
2603
2429
1090
94050
1660
1612
12681
818
16554
7297
7366
1340
971
11292
1818
985
7249
105357
1546
64067
47
1961
327
490
2542
45129
1581
1312
560
1510
#
#
7.34
0.70
3.74
184
332
1075
79
1723
234
48
10
358
378
33
118
149
1.5
88
31
84
16995
136
2087
2236
570
137
31
18
2022
316
#
#
17700
282418
74947
230
343
2.4
648
2.5
53
1541
11788
401
413
1723
1151
1317
80307
773
6960
806
0.000012
685
50
0.69
43
291
4018
8824
1.3
195
