# 4 parameters, 30 sets
0.0152
0.0178
0.0168
0.0177
0.0150
0.0176
0.0156
0.0145
0.0168
0.0177
0.0179
0.0176
0.0152
0.0152
0.0154
0.0177
0.0146
0.0177
0.0171
0.0177
0.0169
0.0151
0.0153
0.0145
0.0176
0.0151
0.0162
0.0153
0.0178
0.0150
#
#
0.0667
0.0437
0.0472
0.0447
0.0675
0.0478
0.0579
0.0672
0.0474
0.0444
0.0440
0.0447
0.0666
0.0664
0.0654
0.0466
0.0694
0.0442
0.0467
0.0454
0.0520
0.0673
0.0656
0.0672
0.0445
0.0669
0.0566
0.0577
0.0433
0.0676
#
#
0.0000939
0.00858
0.00775
0.00807
0.000108
0.00443
0.00505
0.00219
0.00759
0.00827
0.00746
0.00840
0.000175
0.0000701
0.000141
0.00521
0.00126
0.00853
0.00825
0.00774
0.00263
0.000287
0.0000421
0.00215
0.00850
0.0000490
0.00265
0.00542
0.00843
0.000303
#
#
17.8
0.246
0.265
0.257
0.448
0.361
0.773
0.269
0.252
0.281
0.247
9.53
15.3
23.9
11.9
0.387
1.30
0.246
0.247
0.265
0.725
5.79
39.9
0.783
0.246
34.0
0.698
0.340
0.253
5.49
